32259706
72469720
110043169
133335484
183424174
218190182
234312658
296288708
309430393
376492059
410415500
423736255
491224875
523816527
562145554
597451710
616323463
659919225
700633679
757087668
770866765
833606659
848022150
881304388
914180375
963871401
998952486
1031041398
1075087776
1123503827
1149819670
1191413678
1249936447
1259256153
1298455538
1336713131
1389113238
1418430205
1477191311
1491361233
1530404913
1583447305
1607242065
1654256752
1698902066
1713942124
1774598043
1814448890
1838879878
1884830158
1917368446
1955861435
2009416091
2030055884
2057663095
2103419952
2164160802
2183407199
2237472252
2245228004
2303902333
2339372066
2362359923
2427988476
2455410423
2480737373
2540490101
2579070418
2614801840
2654038820
2674615708
2709012791
2753763936
2786679735
2828275807
2876901417
2899093287
2940790233
2969729410
3022276173
3059173007
3081919776
3130923720
3177513961
3225483855
3257436898
3282850876
3339521305
3363347389
3398613396
3440096818
3489184229
3501311416
3557494248
3593099349
3638928729
3659141191
3697888599
3741118750
3773683932
3827099343
3857580752
3884662351
3950691854
3981028641
4007484016
4047521531
4078413246
4109128951
4149931651
4201193308
4226877818
4272117351
4294967295
